Candidati per la sequenza di attivazione/init del touch MSHW0231
Estratti da touch_spb_transactions.txt (552 transazioni SPI totali)
======================================================================
La transazione da 28 byte (unica, unica nell'intero trace) e' il candidato
piu' forte: avviene subito PRIMA che partano gli IRP di power-up per
tutte le 8 collection HID (t=13111843 in poi). Le transazioni da 442 byte
sono le risposte DESCREQ (report descriptor HID, verificate byte-per-byte
contro il descriptor gia' noto).
======================================================================

=== Activity {f7eaf5c1-0e21-0004-e6e6-ebf7210edd01}  (t=13107562) ===
  [13107562] PAYLOAD_START total=28 transfers=2
  [13107563] TD0 READ(FromDevice) len=14
  [13107565]   buf[0] bytes=14  data=0000000e 02 00 00 04 82 00 00 04 00 01 01 0c ee 5b
  [13107565] TD_STOP
  [13107566] TD1 WRITE(ToDevice) len=14
  [13107566]   buf[0] bytes=14  data=0000000e ff ff ff ff ff d6 00 08 06 3a 7a 00 00 00
  [13107567] TD_STOP
  [13107567] PAYLOAD_STOP
  [13107568] IoSpbDirection=2
  [13107571] IoSpbDirection=1


=== Activity {f7eaf5c1-0e21-0002-191f-ecf7210edd01}  (t=13112440) ===
  [13112440] PAYLOAD_START total=442 transfers=2
  [13112442] TD0 READ(FromDevice) len=221
  [13112442]   buf[0] bytes=221  data=000000dd 0b 00 00 00 ff 00 00 04 00 01 01 0c ee 5b 44 4c 00 00 00 00 00 00 00 00 00 00 00 00 00 00 00 00 00 00 00 00 00 00 00 00 00 00 00 00 00 00 00 00 00 00 00 00 00 00 00 00 00 00 00 00 00 00 00 00 00 00 00 00 00 00 00 00 00 00 00 00 00 00 00 00 00 00 00 00 00 00 00 00 00 00 00 00 00 00 00 00 00 00 00 00 00 00 00 00 00 00 00 00 00 00 00 00 00 00 00 00 00 00 00 00 00 00 00 00 00 00 00 00 00 00 00 00 00 00 00 00 00 00 00 00 00 00 00 00 00 00 00 00 00 00 00 00 00 00 00 00 00 00 00 00 00 00 00 00 00 00 00 00 00 00 00 00 00 00 00 00 00 00 00 00 00 00 00 00 00 00 00 00 00 00 00 00 00 00 00 00 00 00 00 00 00 00 00 00 00 00 00 00 00 00 00 00 00 00 00 00 00 00 00 00 00
  [13112443] TD_STOP
  [13112444] TD1 WRITE(ToDevice) len=221
  [13112445]   buf[0] bytes=221  data=000000dd ff ff ff ff ff d6 00 08 41 89 8e 00 00 00 00 00 00 87 00 00 00 00 ff 00 00 08 08 00 08 05 b2 30 64 9d fd 00 03 08 08 00 30 48 00 2f 00 47 00 00 04 08 24 00 08 05 00 00 09 00 28 00 09 00 29 00 0a 00 2a 00 0a 00 2b 00 09 00 2c 00 07 00 2d 00 10 00 2e 00 05 00 2f 00 06 08 04 00 00 00 00 00 07 08 04 00 00 00 00 00 32 04 08 00 82 7e 00 00 02 03 0d 5e 12 08 18 00 01 00 00 00 2a 3f 2c 42 48 54 9b 41 2b 13 2b 14 01 01 0a 00 02 00 00 00 ff 08 04 00 b2 30 08 00 36 81 02 96 3f 1d 09 37 85 37 81 02 c0 15 00 27 ff ff 00 00 05 0d 09 0f a1 01 85 07 09 56 95 01 75 10 81 02 09 61 75 08 95 3d 81 03 85 08 09 56 95 01 75 10 81 02 09 61 75 08 95 d1 81 03 85 0a 09 56 95 01 75
  [13112445] TD_STOP
  [13112446] PAYLOAD_STOP
  [13112447] IoSpbDirection=2
  [13112448] IoSpbDirection=1


=== Activity {f7eaf5c1-0e21-0004-e7e6-ebf7210edd01}  (t=13119422) ===
  [13119422] PAYLOAD_START total=442 transfers=2
  [13119423] TD0 READ(FromDevice) len=221
  [13119423]   buf[0] bytes=221  data=000000dd 0b 00 00 00 ff 00 00 04 00 01 01 0c ee 5b 44 4c 00 00 00 00 00 00 00 00 00 00 00 00 00 00 00 00 00 00 00 00 00 00 00 00 00 00 00 00 00 00 00 00 00 00 00 00 00 00 00 00 00 00 00 00 00 00 00 00 00 00 00 00 00 00 00 00 00 00 00 00 00 00 00 00 00 00 00 00 00 00 00 00 00 00 00 00 00 00 00 00 00 00 00 00 00 00 00 00 00 00 00 00 00 00 00 00 00 00 00 00 00 00 00 00 00 00 00 00 00 00 00 00 00 00 00 00 00 00 00 00 00 00 00 00 00 00 00 00 00 00 00 00 00 00 00 00 00 00 00 00 00 00 00 00 00 00 00 00 00 00 00 00 00 00 00 00 00 00 00 00 00 00 00 00 00 00 00 00 00 00 00 00 00 00 00 00 00 00 00 00 00 00 00 00 00 00 00 00 00 00 00 00 00 00 00 00 00 00 00 00 00 00 00 00 00
  [13119424] TD_STOP
  [13119424] TD1 WRITE(ToDevice) len=221
  [13119425]   buf[0] bytes=221  data=000000dd ff ff ff ff ff d6 00 08 a8 89 8e 00 00 00 00 00 00 87 00 00 00 00 ff 00 00 08 08 00 08 00 b4 30 d4 c5 fd 00 03 08 08 00 30 48 00 2f 00 47 00 00 04 08 24 00 08 05 00 00 09 00 28 00 09 00 29 00 0a 00 2a 00 0a 00 2b 00 09 00 2c 00 07 00 2d 00 10 00 2e 00 05 00 2f 00 06 08 04 00 00 00 00 00 07 08 04 00 00 00 00 00 32 04 08 00 fc 26 00 00 02 0a 1f 5e 12 08 18 00 01 00 00 00 7c a1 2c 42 1e d2 9a 41 2b 13 2b 14 01 01 0a 00 02 00 14 00 ff 08 04 00 b4 30 08 00 36 81 02 96 3f 1d 09 37 85 37 81 02 c0 15 00 27 ff ff 00 00 05 0d 09 0f a1 01 85 07 09 56 95 01 75 10 81 02 09 61 75 08 95 3d 81 03 85 08 09 56 95 01 75 10 81 02 09 61 75 08 95 d1 81 03 85 0a 09 56 95 01 75
  [13119425] TD_STOP
  [13119426] PAYLOAD_STOP
  [13119426] IoSpbDirection=2
  [13119427] IoSpbDirection=1


=== Activity {f7eaf5c1-0e21-0002-c91f-ecf7210edd01}  (t=16166871) ===
  [16166871] PAYLOAD_START total=442 transfers=2
  [16166871] TD0 READ(FromDevice) len=221
  [16166872]   buf[0] bytes=221  data=000000dd 0b 00 00 00 ff 00 00 04 00 01 01 0c ee 5b 44 4c 00 00 00 00 00 00 00 00 00 00 00 00 00 00 00 00 00 00 00 00 00 00 00 00 00 00 00 00 00 00 00 00 00 00 00 00 00 00 00 00 00 00 00 00 00 00 00 00 00 00 00 00 00 00 00 00 00 00 00 00 00 00 00 00 00 00 00 00 00 00 00 00 00 00 00 00 00 00 00 00 00 00 00 00 00 00 00 00 00 00 00 00 00 00 00 00 00 00 00 00 00 00 00 00 00 00 00 00 00 00 00 00 00 00 00 00 00 00 00 00 00 00 00 00 00 00 00 00 00 00 00 00 00 00 00 00 00 00 00 00 00 00 00 00 00 00 00 00 00 00 00 00 00 00 00 00 00 00 00 00 00 00 00 00 00 00 00 00 00 00 00 00 00 00 00 00 00 00 00 00 00 00 00 00 00 00 00 00 00 00 00 00 00 00 00 00 00 00 00 00 00 00 00 00 00
  [16166873] TD_STOP
  [16166874] TD1 WRITE(ToDevice) len=221
  [16166874]   buf[0] bytes=221  data=000000dd ff ff ff ff ff d6 00 08 ad 00 7a 00 00 00 00 00 00 73 00 00 00 00 ff 00 00 08 08 00 08 00 e5 31 f0 43 2c 01 03 08 08 00 30 48 00 2f 00 47 00 00 04 08 24 00 08 05 00 00 08 00 28 00 0c 00 29 00 0c 00 2a 00 0a 00 2b 00 07 00 2c 00 06 00 2d 00 0c 00 2e 00 09 00 2f 00 06 08 04 00 00 00 00 00 07 08 04 00 00 00 00 00 32 04 08 00 fc 26 00 00 02 0a 1e 5e 12 08 04 00 00 00 00 00 ff 08 04 00 e5 31 08 00 b5 b5 b5 b5 b5 b5 b5 b5 b5 b5 b5 b5 b5 b5 b5 b5 b5 b5 b5 b5 b5 b5 b5 b5 b5 b5 b5 b5 b5 b5 b5 b5 b5 b5 b5 b5 b5 b5 b5 b5 b5 b5 b5 b5 b5 b5 b5 b5 b5 b5 b5 b5 b5 b5 b5 b5 b5 b5 b5 b5 b5 b5 b5 b5 b5 b5 b5 b5 b5 b5 b5 b5 b5 b5 b5 b5 b5 b5 b5 b5 b5 b5 b5 b5 b5 b5 b5 b5 b5
  [16166875] TD_STOP
  [16166875] PAYLOAD_STOP
  [16166876] IoSpbDirection=2
  [16166879] IoSpbDirection=1


=== Activity {f7eaf5c1-0e21-0000-8a0b-ecf7210edd01}  (t=16176649) ===
  [16176649] PAYLOAD_START total=442 transfers=2
  [16176650] TD0 READ(FromDevice) len=221
  [16176651]   buf[0] bytes=221  data=000000dd 0b 00 00 00 ff 00 00 04 00 01 01 0c ee 5b 44 4c 00 00 00 00 00 00 00 00 00 00 00 00 00 00 00 00 00 00 00 00 00 00 00 00 00 00 00 00 00 00 00 00 00 00 00 00 00 00 00 00 00 00 00 00 00 00 00 00 00 00 00 00 00 00 00 00 00 00 00 00 00 00 00 00 00 00 00 00 00 00 00 00 00 00 00 00 00 00 00 00 00 00 00 00 00 00 00 00 00 00 00 00 00 00 00 00 00 00 00 00 00 00 00 00 00 00 00 00 00 00 00 00 00 00 00 00 00 00 00 00 00 00 00 00 00 00 00 00 00 00 00 00 00 00 00 00 00 00 00 00 00 00 00 00 00 00 00 00 00 00 00 00 00 00 00 00 00 00 00 00 00 00 00 00 00 00 00 00 00 00 00 00 00 00 00 00 00 00 00 00 00 00 00 00 00 00 00 00 00 00 00 00 00 00 00 00 00 00 00 00 00 00 00 00 00
  [16176651] TD_STOP
  [16176652] TD1 WRITE(ToDevice) len=221
  [16176652]   buf[0] bytes=221  data=000000dd ff ff ff ff ff d6 00 08 11 01 7a 00 00 00 00 00 00 73 00 00 00 00 ff 00 00 08 08 00 08 00 e6 31 ec 6a 2c 01 03 08 08 00 30 48 00 2f 00 47 00 00 04 08 24 00 08 05 00 00 08 00 28 00 0c 00 29 00 0c 00 2a 00 0a 00 2b 00 07 00 2c 00 06 00 2d 00 0c 00 2e 00 09 00 2f 00 06 08 04 00 00 00 00 00 07 08 04 00 00 00 00 00 32 04 08 00 fc 26 00 00 02 0b 1f 5e 12 08 04 00 00 00 00 00 ff 08 04 00 e6 31 08 00 b5 b5 b5 b5 b5 b5 b5 b5 b5 b5 b5 b5 b5 b5 b5 b5 b5 b5 b5 b5 b5 b5 b5 b5 b5 b5 b5 b5 b5 b5 b5 b5 b5 b5 b5 b5 b5 b5 b5 b5 b5 b5 b5 b5 b5 b5 b5 b5 b5 b5 b5 b5 b5 b5 b5 b5 b5 b5 b5 b5 b5 b5 b5 b5 b5 b5 b5 b5 b5 b5 b5 b5 b5 b5 b5 b5 b5 b5 b5 b5 b5 b5 b5 b5 b5 b5 b5 b5 b5
  [16176653] TD_STOP
  [16176653] PAYLOAD_STOP
  [16176654] IoSpbDirection=2
  [16176655] IoSpbDirection=1


=== Activity {f7eaf5c1-0e21-0000-8c0b-ecf7210edd01}  (t=16186777) ===
  [16186777] PAYLOAD_START total=442 transfers=2
  [16186778] TD0 READ(FromDevice) len=221
  [16186778]   buf[0] bytes=221  data=000000dd 0b 00 00 00 ff 00 00 04 00 01 01 0c ee 5b 44 4c 00 00 00 00 00 00 00 00 00 00 00 00 00 00 00 00 00 00 00 00 00 00 00 00 00 00 00 00 00 00 00 00 00 00 00 00 00 00 00 00 00 00 00 00 00 00 00 00 00 00 00 00 00 00 00 00 00 00 00 00 00 00 00 00 00 00 00 00 00 00 00 00 00 00 00 00 00 00 00 00 00 00 00 00 00 00 00 00 00 00 00 00 00 00 00 00 00 00 00 00 00 00 00 00 00 00 00 00 00 00 00 00 00 00 00 00 00 00 00 00 00 00 00 00 00 00 00 00 00 00 00 00 00 00 00 00 00 00 00 00 00 00 00 00 00 00 00 00 00 00 00 00 00 00 00 00 00 00 00 00 00 00 00 00 00 00 00 00 00 00 00 00 00 00 00 00 00 00 00 00 00 00 00 00 00 00 00 00 00 00 00 00 00 00 00 00 00 00 00 00 00 00 00 00 00
  [16186779] TD_STOP
  [16186780] TD1 WRITE(ToDevice) len=221
  [16186780]   buf[0] bytes=221  data=000000dd ff ff ff ff ff d6 00 08 75 01 7a 00 00 00 00 00 00 73 00 00 00 00 ff 00 00 08 08 00 08 00 e7 31 e8 91 2c 01 03 08 08 00 30 48 00 2f 00 47 00 00 04 08 24 00 08 05 00 00 08 00 28 00 0c 00 29 00 0c 00 2a 00 0a 00 2b 00 07 00 2c 00 06 00 2d 00 0c 00 2e 00 09 00 2f 00 06 08 04 00 00 00 00 00 07 08 04 00 00 00 00 00 32 04 08 00 fc 26 00 00 02 0b 1f 5e 12 08 04 00 00 00 00 00 ff 08 04 00 e7 31 08 00 b5 b5 b5 b5 b5 b5 b5 b5 b5 b5 b5 b5 b5 b5 b5 b5 b5 b5 b5 b5 b5 b5 b5 b5 b5 b5 b5 b5 b5 b5 b5 b5 b5 b5 b5 b5 b5 b5 b5 b5 b5 b5 b5 b5 b5 b5 b5 b5 b5 b5 b5 b5 b5 b5 b5 b5 b5 b5 b5 b5 b5 b5 b5 b5 b5 b5 b5 b5 b5 b5 b5 b5 b5 b5 b5 b5 b5 b5 b5 b5 b5 b5 b5 b5 b5 b5 b5 b5 b5
  [16186781] TD_STOP
  [16186782] PAYLOAD_STOP
  [16186782] IoSpbDirection=2
  [16186783] IoSpbDirection=1


=== Activity {f7eaf5c1-0e21-0000-8e0b-ecf7210edd01}  (t=16196781) ===
  [16196781] PAYLOAD_START total=442 transfers=2
  [16196782] TD0 READ(FromDevice) len=221
  [16196783]   buf[0] bytes=221  data=000000dd 0b 00 00 00 ff 00 00 04 00 01 01 0c ee 5b 44 4c 00 00 00 00 00 00 00 00 00 00 00 00 00 00 00 00 00 00 00 00 00 00 00 00 00 00 00 00 00 00 00 00 00 00 00 00 00 00 00 00 00 00 00 00 00 00 00 00 00 00 00 00 00 00 00 00 00 00 00 00 00 00 00 00 00 00 00 00 00 00 00 00 00 00 00 00 00 00 00 00 00 00 00 00 00 00 00 00 00 00 00 00 00 00 00 00 00 00 00 00 00 00 00 00 00 00 00 00 00 00 00 00 00 00 00 00 00 00 00 00 00 00 00 00 00 00 00 00 00 00 00 00 00 00 00 00 00 00 00 00 00 00 00 00 00 00 00 00 00 00 00 00 00 00 00 00 00 00 00 00 00 00 00 00 00 00 00 00 00 00 00 00 00 00 00 00 00 00 00 00 00 00 00 00 00 00 00 00 00 00 00 00 00 00 00 00 00 00 00 00 00 00 00 00 00
  [16196784] TD_STOP
  [16196784] TD1 WRITE(ToDevice) len=221
  [16196785]   buf[0] bytes=221  data=000000dd ff ff ff ff ff d6 00 08 d9 01 7a 00 00 00 00 00 00 73 00 00 00 00 ff 00 00 08 08 00 08 00 e8 31 e4 b8 2c 01 03 08 08 00 30 48 00 2f 00 47 00 00 04 08 24 00 08 05 00 00 08 00 28 00 0c 00 29 00 0c 00 2a 00 0a 00 2b 00 07 00 2c 00 06 00 2d 00 0c 00 2e 00 09 00 2f 00 06 08 04 00 00 00 00 00 07 08 04 00 00 00 00 00 32 04 08 00 fc 26 00 00 02 0a 1f 5e 12 08 04 00 00 00 00 00 ff 08 04 00 e8 31 08 00 b5 b5 b5 b5 b5 b5 b5 b5 b5 b5 b5 b5 b5 b5 b5 b5 b5 b5 b5 b5 b5 b5 b5 b5 b5 b5 b5 b5 b5 b5 b5 b5 b5 b5 b5 b5 b5 b5 b5 b5 b5 b5 b5 b5 b5 b5 b5 b5 b5 b5 b5 b5 b5 b5 b5 b5 b5 b5 b5 b5 b5 b5 b5 b5 b5 b5 b5 b5 b5 b5 b5 b5 b5 b5 b5 b5 b5 b5 b5 b5 b5 b5 b5 b5 b5 b5 b5 b5 b5
  [16196786] TD_STOP
  [16196786] PAYLOAD_STOP
  [16196787] IoSpbDirection=2
  [16196788] IoSpbDirection=1


=== Activity {f7eaf5c1-0e21-0000-900b-ecf7210edd01}  (t=16206312) ===
  [16206312] PAYLOAD_START total=442 transfers=2
  [16206312] TD0 READ(FromDevice) len=221
  [16206313]   buf[0] bytes=221  data=000000dd 0b 00 00 00 ff 00 00 04 00 01 01 0c ee 5b 44 4c 00 00 00 00 00 00 00 00 00 00 00 00 00 00 00 00 00 00 00 00 00 00 00 00 00 00 00 00 00 00 00 00 00 00 00 00 00 00 00 00 00 00 00 00 00 00 00 00 00 00 00 00 00 00 00 00 00 00 00 00 00 00 00 00 00 00 00 00 00 00 00 00 00 00 00 00 00 00 00 00 00 00 00 00 00 00 00 00 00 00 00 00 00 00 00 00 00 00 00 00 00 00 00 00 00 00 00 00 00 00 00 00 00 00 00 00 00 00 00 00 00 00 00 00 00 00 00 00 00 00 00 00 00 00 00 00 00 00 00 00 00 00 00 00 00 00 00 00 00 00 00 00 00 00 00 00 00 00 00 00 00 00 00 00 00 00 00 00 00 00 00 00 00 00 00 00 00 00 00 00 00 00 00 00 00 00 00 00 00 00 00 00 00 00 00 00 00 00 00 00 00 00 00 00 00
  [16206313] TD_STOP
  [16206314] TD1 WRITE(ToDevice) len=221
  [16206319]   buf[0] bytes=221  data=000000dd ff ff ff ff ff d6 00 08 3d 02 7a 00 00 00 00 00 00 73 00 00 00 00 ff 00 00 08 08 00 08 00 e9 31 e0 df 2c 01 03 08 08 00 30 48 00 2f 00 47 00 00 04 08 24 00 08 05 00 00 08 00 28 00 0c 00 29 00 0c 00 2a 00 0a 00 2b 00 07 00 2c 00 06 00 2d 00 0c 00 2e 00 09 00 2f 00 06 08 04 00 00 00 00 00 07 08 04 00 00 00 00 00 32 04 08 00 fc 26 00 00 02 0a 1f 5e 12 08 04 00 00 00 00 00 ff 08 04 00 e9 31 08 00 b5 b5 b5 b5 b5 b5 b5 b5 b5 b5 b5 b5 b5 b5 b5 b5 b5 b5 b5 b5 b5 b5 b5 b5 b5 b5 b5 b5 b5 b5 b5 b5 b5 b5 b5 b5 b5 b5 b5 b5 b5 b5 b5 b5 b5 b5 b5 b5 b5 b5 b5 b5 b5 b5 b5 b5 b5 b5 b5 b5 b5 b5 b5 b5 b5 b5 b5 b5 b5 b5 b5 b5 b5 b5 b5 b5 b5 b5 b5 b5 b5 b5 b5 b5 b5 b5 b5 b5 b5
  [16206319] TD_STOP
  [16206319] PAYLOAD_STOP
  [16206320] IoSpbDirection=2
  [16206320] IoSpbDirection=1


=== Activity {f7eaf5c1-0e21-0002-ca1f-ecf7210edd01}  (t=16216203) ===
  [16216203] PAYLOAD_START total=442 transfers=2
  [16216203] TD0 READ(FromDevice) len=221
  [16216204]   buf[0] bytes=221  data=000000dd 0b 00 00 00 ff 00 00 04 00 01 01 0c ee 5b 44 4c 00 00 00 00 00 00 00 00 00 00 00 00 00 00 00 00 00 00 00 00 00 00 00 00 00 00 00 00 00 00 00 00 00 00 00 00 00 00 00 00 00 00 00 00 00 00 00 00 00 00 00 00 00 00 00 00 00 00 00 00 00 00 00 00 00 00 00 00 00 00 00 00 00 00 00 00 00 00 00 00 00 00 00 00 00 00 00 00 00 00 00 00 00 00 00 00 00 00 00 00 00 00 00 00 00 00 00 00 00 00 00 00 00 00 00 00 00 00 00 00 00 00 00 00 00 00 00 00 00 00 00 00 00 00 00 00 00 00 00 00 00 00 00 00 00 00 00 00 00 00 00 00 00 00 00 00 00 00 00 00 00 00 00 00 00 00 00 00 00 00 00 00 00 00 00 00 00 00 00 00 00 00 00 00 00 00 00 00 00 00 00 00 00 00 00 00 00 00 00 00 00 00 00 00 00
  [16216204] TD_STOP
  [16216204] TD1 WRITE(ToDevice) len=221
  [16216205]   buf[0] bytes=221  data=000000dd ff ff ff ff ff d6 00 08 a0 02 7a 00 00 00 00 00 00 73 00 00 00 00 ff 00 00 08 08 00 08 00 ea 31 dc 06 2d 01 03 08 08 00 30 48 00 2f 00 47 00 00 04 08 24 00 08 05 00 00 08 00 28 00 0c 00 29 00 0c 00 2a 00 0a 00 2b 00 07 00 2c 00 06 00 2d 00 0c 00 2e 00 09 00 2f 00 06 08 04 00 00 00 00 00 07 08 04 00 00 00 00 00 32 04 08 00 fc 26 00 00 02 0a 1f 5e 12 08 04 00 00 00 00 00 ff 08 04 00 ea 31 08 00 b5 b5 b5 b5 b5 b5 b5 b5 b5 b5 b5 b5 b5 b5 b5 b5 b5 b5 b5 b5 b5 b5 b5 b5 b5 b5 b5 b5 b5 b5 b5 b5 b5 b5 b5 b5 b5 b5 b5 b5 b5 b5 b5 b5 b5 b5 b5 b5 b5 b5 b5 b5 b5 b5 b5 b5 b5 b5 b5 b5 b5 b5 b5 b5 b5 b5 b5 b5 b5 b5 b5 b5 b5 b5 b5 b5 b5 b5 b5 b5 b5 b5 b5 b5 b5 b5 b5 b5 b5
  [16216205] TD_STOP
  [16216205] PAYLOAD_STOP
  [16216205] IoSpbDirection=2
  [16216206] IoSpbDirection=1


=== Activity {f7eaf5c1-0e21-0004-93e8-ebf7210edd01}  (t=16226454) ===
  [16226454] PAYLOAD_START total=442 transfers=2
  [16226454] TD0 READ(FromDevice) len=221
  [16226455]   buf[0] bytes=221  data=000000dd 0b 00 00 00 ff 00 00 04 00 01 01 0c ee 5b 44 4c 00 00 00 00 00 00 00 00 00 00 00 00 00 00 00 00 00 00 00 00 00 00 00 00 00 00 00 00 00 00 00 00 00 00 00 00 00 00 00 00 00 00 00 00 00 00 00 00 00 00 00 00 00 00 00 00 00 00 00 00 00 00 00 00 00 00 00 00 00 00 00 00 00 00 00 00 00 00 00 00 00 00 00 00 00 00 00 00 00 00 00 00 00 00 00 00 00 00 00 00 00 00 00 00 00 00 00 00 00 00 00 00 00 00 00 00 00 00 00 00 00 00 00 00 00 00 00 00 00 00 00 00 00 00 00 00 00 00 00 00 00 00 00 00 00 00 00 00 00 00 00 00 00 00 00 00 00 00 00 00 00 00 00 00 00 00 00 00 00 00 00 00 00 00 00 00 00 00 00 00 00 00 00 00 00 00 00 00 00 00 00 00 00 00 00 00 00 00 00 00 00 00 00 00 00
  [16226456] TD_STOP
  [16226456] TD1 WRITE(ToDevice) len=221
  [16226457]   buf[0] bytes=221  data=000000dd ff ff ff ff ff d6 00 08 04 03 7a 00 00 00 00 00 00 73 00 00 00 00 ff 00 00 08 08 00 08 00 eb 31 d8 2d 2d 01 03 08 08 00 30 48 00 2f 00 47 00 00 04 08 24 00 08 05 00 00 08 00 28 00 0c 00 29 00 0c 00 2a 00 0a 00 2b 00 07 00 2c 00 06 00 2d 00 0c 00 2e 00 09 00 2f 00 06 08 04 00 00 00 00 00 07 08 04 00 00 00 00 00 32 04 08 00 fc 26 00 00 02 0a 1f 5e 12 08 04 00 00 00 00 00 ff 08 04 00 eb 31 08 00 b5 b5 b5 b5 b5 b5 b5 b5 b5 b5 b5 b5 b5 b5 b5 b5 b5 b5 b5 b5 b5 b5 b5 b5 b5 b5 b5 b5 b5 b5 b5 b5 b5 b5 b5 b5 b5 b5 b5 b5 b5 b5 b5 b5 b5 b5 b5 b5 b5 b5 b5 b5 b5 b5 b5 b5 b5 b5 b5 b5 b5 b5 b5 b5 b5 b5 b5 b5 b5 b5 b5 b5 b5 b5 b5 b5 b5 b5 b5 b5 b5 b5 b5 b5 b5 b5 b5 b5 b5
  [16226457] TD_STOP
  [16226458] PAYLOAD_STOP
  [16226458] IoSpbDirection=2
  [16226459] IoSpbDirection=1


=== Activity {f7eaf5c1-0e21-0002-cc1f-ecf7210edd01}  (t=16236863) ===
  [16236863] PAYLOAD_START total=442 transfers=2
  [16236864] TD0 READ(FromDevice) len=221
  [16236865]   buf[0] bytes=221  data=000000dd 0b 00 00 00 ff 00 00 04 00 01 01 0c ee 5b 44 4c 00 00 00 00 00 00 00 00 00 00 00 00 00 00 00 00 00 00 00 00 00 00 00 00 00 00 00 00 00 00 00 00 00 00 00 00 00 00 00 00 00 00 00 00 00 00 00 00 00 00 00 00 00 00 00 00 00 00 00 00 00 00 00 00 00 00 00 00 00 00 00 00 00 00 00 00 00 00 00 00 00 00 00 00 00 00 00 00 00 00 00 00 00 00 00 00 00 00 00 00 00 00 00 00 00 00 00 00 00 00 00 00 00 00 00 00 00 00 00 00 00 00 00 00 00 00 00 00 00 00 00 00 00 00 00 00 00 00 00 00 00 00 00 00 00 00 00 00 00 00 00 00 00 00 00 00 00 00 00 00 00 00 00 00 00 00 00 00 00 00 00 00 00 00 00 00 00 00 00 00 00 00 00 00 00 00 00 00 00 00 00 00 00 00 00 00 00 00 00 00 00 00 00 00 00
  [16236865] TD_STOP
  [16236866] TD1 WRITE(ToDevice) len=221
  [16236867]   buf[0] bytes=221  data=000000dd ff ff ff ff ff d6 00 08 68 03 7a 00 00 00 00 00 00 73 00 00 00 00 ff 00 00 08 08 00 08 00 ec 31 d4 54 2d 01 03 08 08 00 30 48 00 2f 00 47 00 00 04 08 24 00 08 05 00 00 08 00 28 00 0c 00 29 00 0c 00 2a 00 0a 00 2b 00 07 00 2c 00 06 00 2d 00 0c 00 2e 00 09 00 2f 00 06 08 04 00 00 00 00 00 07 08 04 00 00 00 00 00 32 04 08 00 fc 26 00 00 02 0a 1f 5e 12 08 04 00 00 00 00 00 ff 08 04 00 ec 31 08 00 b5 b5 b5 b5 b5 b5 b5 b5 b5 b5 b5 b5 b5 b5 b5 b5 b5 b5 b5 b5 b5 b5 b5 b5 b5 b5 b5 b5 b5 b5 b5 b5 b5 b5 b5 b5 b5 b5 b5 b5 b5 b5 b5 b5 b5 b5 b5 b5 b5 b5 b5 b5 b5 b5 b5 b5 b5 b5 b5 b5 b5 b5 b5 b5 b5 b5 b5 b5 b5 b5 b5 b5 b5 b5 b5 b5 b5 b5 b5 b5 b5 b5 b5 b5 b5 b5 b5 b5 b5
  [16236867] TD_STOP
  [16236868] PAYLOAD_STOP
  [16236869] IoSpbDirection=2
  [16236870] IoSpbDirection=1


=== Activity {f7eaf5c1-0e21-0000-950b-ecf7210edd01}  (t=16246669) ===
  [16246669] PAYLOAD_START total=442 transfers=2
  [16246669] TD0 READ(FromDevice) len=221
  [16246670]   buf[0] bytes=221  data=000000dd 0b 00 00 00 ff 00 00 04 00 01 01 0c ee 5b 44 4c 00 00 00 00 00 00 00 00 00 00 00 00 00 00 00 00 00 00 00 00 00 00 00 00 00 00 00 00 00 00 00 00 00 00 00 00 00 00 00 00 00 00 00 00 00 00 00 00 00 00 00 00 00 00 00 00 00 00 00 00 00 00 00 00 00 00 00 00 00 00 00 00 00 00 00 00 00 00 00 00 00 00 00 00 00 00 00 00 00 00 00 00 00 00 00 00 00 00 00 00 00 00 00 00 00 00 00 00 00 00 00 00 00 00 00 00 00 00 00 00 00 00 00 00 00 00 00 00 00 00 00 00 00 00 00 00 00 00 00 00 00 00 00 00 00 00 00 00 00 00 00 00 00 00 00 00 00 00 00 00 00 00 00 00 00 00 00 00 00 00 00 00 00 00 00 00 00 00 00 00 00 00 00 00 00 00 00 00 00 00 00 00 00 00 00 00 00 00 00 00 00 00 00 00 00
  [16246671] TD_STOP
  [16246671] TD1 WRITE(ToDevice) len=221
  [16246672]   buf[0] bytes=221  data=000000dd ff ff ff ff ff d6 00 08 cc 03 7a 00 00 00 00 00 00 73 00 00 00 00 ff 00 00 08 08 00 08 00 ed 31 d0 7b 2d 01 03 08 08 00 30 48 00 2f 00 47 00 00 04 08 24 00 08 05 00 00 08 00 28 00 0c 00 29 00 0c 00 2a 00 0a 00 2b 00 07 00 2c 00 06 00 2d 00 0c 00 2e 00 09 00 2f 00 06 08 04 00 00 00 00 00 07 08 04 00 00 00 00 00 32 04 08 00 fc 26 00 00 02 0a 1e 5e 12 08 04 00 00 00 00 00 ff 08 04 00 ed 31 08 00 b5 b5 b5 b5 b5 b5 b5 b5 b5 b5 b5 b5 b5 b5 b5 b5 b5 b5 b5 b5 b5 b5 b5 b5 b5 b5 b5 b5 b5 b5 b5 b5 b5 b5 b5 b5 b5 b5 b5 b5 b5 b5 b5 b5 b5 b5 b5 b5 b5 b5 b5 b5 b5 b5 b5 b5 b5 b5 b5 b5 b5 b5 b5 b5 b5 b5 b5 b5 b5 b5 b5 b5 b5 b5 b5 b5 b5 b5 b5 b5 b5 b5 b5 b5 b5 b5 b5 b5 b5
  [16246673] TD_STOP
  [16246673] PAYLOAD_STOP
  [16246674] IoSpbDirection=2
  [16246675] IoSpbDirection=1


=== Activity {f7eaf5c1-0e21-0000-970b-ecf7210edd01}  (t=16256641) ===
  [16256641] PAYLOAD_START total=442 transfers=2
  [16256642] TD0 READ(FromDevice) len=221
  [16256642]   buf[0] bytes=221  data=000000dd 0b 00 00 00 ff 00 00 04 00 01 01 0c ee 5b 44 4c 00 00 00 00 00 00 00 00 00 00 00 00 00 00 00 00 00 00 00 00 00 00 00 00 00 00 00 00 00 00 00 00 00 00 00 00 00 00 00 00 00 00 00 00 00 00 00 00 00 00 00 00 00 00 00 00 00 00 00 00 00 00 00 00 00 00 00 00 00 00 00 00 00 00 00 00 00 00 00 00 00 00 00 00 00 00 00 00 00 00 00 00 00 00 00 00 00 00 00 00 00 00 00 00 00 00 00 00 00 00 00 00 00 00 00 00 00 00 00 00 00 00 00 00 00 00 00 00 00 00 00 00 00 00 00 00 00 00 00 00 00 00 00 00 00 00 00 00 00 00 00 00 00 00 00 00 00 00 00 00 00 00 00 00 00 00 00 00 00 00 00 00 00 00 00 00 00 00 00 00 00 00 00 00 00 00 00 00 00 00 00 00 00 00 00 00 00 00 00 00 00 00 00 00 00
  [16256643] TD_STOP
  [16256644] TD1 WRITE(ToDevice) len=221
  [16256644]   buf[0] bytes=221  data=000000dd ff ff ff ff ff d6 00 08 30 04 7a 00 00 00 00 00 00 73 00 00 00 00 ff 00 00 08 08 00 08 00 ee 31 cc a2 2d 01 03 08 08 00 30 48 00 2f 00 47 00 00 04 08 24 00 08 05 00 00 08 00 28 00 0c 00 29 00 0c 00 2a 00 0a 00 2b 00 07 00 2c 00 06 00 2d 00 0c 00 2e 00 09 00 2f 00 06 08 04 00 00 00 00 00 07 08 04 00 00 00 00 00 32 04 08 00 fc 26 00 00 02 0b 1f 5e 12 08 04 00 00 00 00 00 ff 08 04 00 ee 31 08 00 b5 b5 b5 b5 b5 b5 b5 b5 b5 b5 b5 b5 b5 b5 b5 b5 b5 b5 b5 b5 b5 b5 b5 b5 b5 b5 b5 b5 b5 b5 b5 b5 b5 b5 b5 b5 b5 b5 b5 b5 b5 b5 b5 b5 b5 b5 b5 b5 b5 b5 b5 b5 b5 b5 b5 b5 b5 b5 b5 b5 b5 b5 b5 b5 b5 b5 b5 b5 b5 b5 b5 b5 b5 b5 b5 b5 b5 b5 b5 b5 b5 b5 b5 b5 b5 b5 b5 b5 b5
  [16256645] TD_STOP
  [16256646] PAYLOAD_STOP
  [16256646] IoSpbDirection=2
  [16256647] IoSpbDirection=1
