# /home/simone/Scrivania/traces/surface_boot_auto.csv  — first 20 transactions

        ── GPIO IRQ ── 
+  149.3us  [READ  ] TX=0B 00 00 00 FF 00 00 00 00        RX=FF FF FF FF FF 32 10 00 5A
+  169.3us  [READ  ] TX=0B 00 00 00 FF 00 00 00 00        RX=FF FF FF FF FF 03 00 00 00
+  154.7us  [WRITE ] TX=02 00 00 01 42 00 00 03 00 00     RX=FF FF FF FF FF 03 00 00 00 00
        ── GPIO IRQ ── +62.2us
+  114.5us  [READ  ] TX=0B 00 00 00 FF 00 00 03 00        RX=FF FF FF FF FF 72 80 00 5A
+  162.1us  [READ  ] TX=0B 00 00 00 FF 00 00 03 00 00 00 00 00 00 00 00 00 00 00 00 00 00 00 00 00 00 00 00 00 00 00 00 00 00 00 00 00  RX=FF FF FF FF FF 1F 00 00 1C 00 00 01 A8 03 02 00 00 00 00 20 03 00 00 02 04 00 5E 04 19 0C 04 00 81 00 00 00 00
+  145.2us  [WRITE ] TX=02 00 00 02 42 00 00 03 00 00     RX=00 00 00 00 00 00 00 00 00 00
        ── GPIO IRQ ── +730.2us
+  191.8us  [READ  ] TX=0B 00 00 00 FF 00 00 03 00        RX=FF FF FF FF FF 82 B0 0E 5A
+  567.3us  [READ  ] TX=0B 00 00 00 FF 00 00 03 00 00 00 00 00 00 00 00 00 00 00 00 00 00 00 00 00 00 00 00 00 00 00 00 00 00 00 00 00 00 00 00 00 00 00 00 00 00 00 00 00 00 00 00 00 00 00 00 00 00 00 00 00 00 00 00 00 00 00 00 00 00 00 00 00 00 00 00 00 00 00 00 00 00 00 00 00 00 00 00 00 00 00 00 00 00 00 00 00 00 00 00 00 00 00 00 00 00 00 00 00 00 00 00 00 00 00 00 00 00 00 00 00 00 00 00 00 00 00 00 00 00 00 00 00 00 00 00 00 00 00 00 00 00 00 00 00 00 00 00 00 00 00 00 00 00 00 00 00 00 00 00 00 00 00 00 00 00 00 00 00 00 00 00 00 00 00 00 00 00 00 00 00 00 00 00 00 00 00 00 00 00 00 00 00 00 00 00 00 00 00 00 00 00 00 00 00 00 00 00 00 00 00 00 00 00 00 00 00 00 00 00 00 00 00 00 00 00 00 00 00 00 00 00 00 00 00 00 00 00 00 00 00 00 00 00 00 00 00 00 00 00 00 00 00 00 00 00 00 00 00 00 00 00 00 00 00 00 00 00 00 00 00 00 00 00 00 00 00 00 00 00 00 00 00 00 00 00 00 00 00 00 00 00 00 00 00 00 00 00 00 00 00 00 00 00 00 00 00 00 00 00 00 00 00 00 00 00 00 00 00 00 00 00 00 00 00 00 00 00 00 00 00 00 00 00 00 00 00 00 00 00 00 00 00 00 00 00 00 00 00 00 00 00 00 00 00 00 00 00 00 00 00 00 00 00 00 00 00 00 00 00 00 00 00 00 00 00 00 00 00 00 00 00 00 00 00 00 00 00 00 00 00 00 00 00 00 00 00 00 00 00 00 00 00 00 00 00 00 00 00 00 00 00 00 00 00 00 00 00 00 00 00 00 00 00 00 00 00 00 00 00 00 00 00 00 00 00 00 00 00 00 00 00 00 00 00 00 00 00 00 00 00 00 00 00 00 00 00 00 00 00 00 00 00 00 00 00 00 00 00 00 00 00 00 00 00 00 00 00 00 00 00 00 00 00 00 00 00 00 00 00 00 00 00 00 00 00 00 00 00 00 00 00 00 00 00 00 00 00 00 00 00 00 00 00 00 00 00 00 00 00 00 00 00 00 00 00 00 00 00 00 00 00 00 00 00 00 00 00 00 00 00 00 00 00 00 00 00 00 00 00 00 00 00 00 00 00 00 00 00 00 00 00 00 00 00 00 00 00 00 00 00 00 00 00 00 00 00 00 00 00 00 00 00 00 00 00 00 00 00 00 00 00 00 00 00 00 00 00 00 00 00 00 00 00 00 00 00 00 00 00 00 00 00 00 00 00 00 00 00 00 00 00 00 00 00 00 00 00 00 00 00 00 00 00 00 00 00 00 00 00 00 00 00 00 00 00 00 00 00 00 00 00 00 00 00 00 00 00 00 00 00 00 00 00 00 00 00 00 00 00 00 00 00 00 00 00 00 00 00 00 00 00 00 00 00 00 00 00 00 00 00 00 00 00 00 00 00 00 00 00 00 00 00 00 00 00 00 00 00 00 00 00 00 00 00 00 00 00 00 00 00 00 00 00 00 00 00 00 00 00 00 00 00 00 00 00 00 00 00 00 00 00 00 00 00 00 00 00 00 00 00 00 00 00 00 00 00 00 00 00 00 00 00 00 00 00 00 00 00 00 00 00 00 00 00 00 00 00 00 00 00 00 00 00 00 00 00 00 00 00 00 00 00 00 00 00 00 00 00 00 00 00 00 00 00 00 00 00 00 00 00 00 00 00 00 00 00 00 00 00 00 00 00 00 00 00 00 00 00 00 00 00 00 00 00 00 00 00 00 00 00 00 00 00 00 00 00 00 00 00 00 00 00 00 00 00 00 00 00 00 00 00 00 00 00 00 00 00 00 00 00 00 00 00 00 00 00 00 00 00 00 00 00 00 00 00 00 00 00 00 00 00 00 00 00 00 00 00 00 00 00 00 00 00 00 00 00 00 00 00 00 00 00 00 00 00 00 00 00 00 00 00 00 00 00 00 00 00 00 00 00 00 00 00 00 00 00 00 00 00 00 00 00 00 00  RX=FF FF FF FF FF AB 03 00 75 08 15 00 26 FF 00 06 0B FF 09 0B A1 01 95 02 09 48 85 48 B1 02 95 0F 09 29 85 29 B1 02 95 1F 09 2A 85 2A B1 02 95 3E 09 2B 85 2B B1 02 95 FE 09 2C 85 2C B1 02 96 FE 01 09 2D 85 2D B1 02 95 0F 09 2E 85 2E 81 02 95 1F 09 2F 85 2F 81 02 95 3E 09 30 85 30 81 02 95 FE 09 31 85 31 81 02 96 FE 01 09 32 85 32 81 02 96 FE 03 09 33 85 33 81 02 96 FE 07 09 34 85 34 81 02 96 FE 0F 09 35 85 35 81 02 96 FE 0D 09 36 85 36 81 02 96 3F 1D 09 37 85 37 81 02 C0 15 00 27 FF FF 00 00 05 0D 09 0F A1 01 85 07 09 56 95 01 75 10 81 02 09 61 75 08 95 3D 81 03 85 08 09 56 95 01 75 10 81 02 09 61 75 08 95 D1 81 03 85 0A 09 56 95 01 75 10 81 02 09 61 75 08 95 FD 81 03 85 0B 09 56 95 01 75 10 81 02 09 61 75 08 96 A9 0D 81 03 85 0C 09 56 95 01 75 10 81 02 09 61 75 08 96 C9 10 81 03 85 0D 09 56 95 01 75 10 81 02 09 61 75 08 96 D9 05 81 03 85 1C 09 56 95 01 75 10 81 02 09 61 75 08 96 CD 07 81 03 85 1A 09 56 95 01 75 10 81 02 09 61 75 08 96 3D 1D 81 03 85 06 09 63 75 08 95 77 B1 02 85 05 06 00 FF 09 C8 75 08 95 01 B1 02 85 09 09 C9 75 08 95 3F B1 02 C0 06 0F FF 09 50 A1 01 85 1F 75 08 95 3C 15 00 26 FF 00 09 60 81 02 85 1F 75 08 95 3C 15 00 26 FF 00 09 61 91 02 85 21 75 20 95 01 17 00 00 00 80 27 FF FF FF 7F 09 66 81 02 09 67 81 02 09 68 81 02 09 69 81 02 85 22 75 20 95 01 17 00 00 00 80 27 FF FF FF 7F 09 72 81 02 09 73 81 02 09 74 81 02 09 75 81 02 85 22 75 20 95 01 17 00 00 00 80 27 FF FF FF 7F 09 7A B1 02 09 7B B1 02 09 7C B1 02 09 7D B1 02 85 23 75 20 95 01 17 00 00 00 80 27 FF FF FF 7F 09 86 B1 02 09 87 B1 02 09 88 B1 02 09 89 B1 02 C0 06 0F FF 09 60 A1 01 85 19 75 08 95 04 15 00 26 FF 00 09 00 91 02 85 19 75 08 95 04 15 00 26 FF 00 09 C6 81 02 C0 05 0D 09 02 A1 01 85 01 09 20 35 00 A1 00 09 32 09 42 09 44 09 3C 09 45 15 00 25 01 75 01 95 05 81 02 95 03 81 03 05 01 09 30 75 10 95 01 A4 55 0E 65 11 46 25 0B 26 80 25 81 02 09 31 46 6E 07 26 20 1C 81 02 B4 05 0D 09 30 26 00 10 81 02 A4 55 0E 65 14 36 D8 DC 46 28 23 26 50 46 09 3D 81 42 09 3E 81 42 55 0C 66 01 10 35 00 47 FF FF 00 00 27 FF FF 00 00 09 56 81 02 B4 06 00 FF 09 01 75 08 95 01 81 02 81 03 C0 C0 05 0D 09 04 A1 02 85 40 09 42 15 00 25 01 75 01 95 01 81 02 95 07 81 03 05 01 09 30 75 10 95 01 A4 55 0E 65 11 46 76 0B 26 FF 7F 81 02 09 31 46 74 06 26 FF 7F 81 02 B4 C0 06 F4 FF 09 01 A1 01 09 07 A1 02 85 54 06 0F FF 09 50 75 08 95 04 15 00 25 FF 82 02 01 06 F4 FF 09 02 75 08 95 06 15 00 25 FF 82 02 01 09 08 75 01 95 01 15 00 25 01 81 02 75 07 95 01 81 01 C0 09 05 A1 02 85 55 06 0F FF 09 50 75 08 95 04 15 00 25 FF 92 02 01 06 F4 FF 09 02 75 08 95 06 15 00 25 FF 92 02 01 09 08 75 01 95 01 15 00 25 01 91 02 75 07 95 01 91 01 09 04 75 08 95 08 15 00 25 FF 92 02 01 C0 09 06 A1 02 85 56 09 03 75 08 95 06 15 00 25 FF B2 02 01 09 09 75 01 95 01 15 00 25 01 B1 02 75 07 95 01 B1 01 C0 C0 06 A1 FF 09 60 A1 01 85 58 95 01 75 10 09 03 81 02 C0 00
+962098.7us  [cmd00 ] TX=00 0E 00 00 00                    RX=
+   96.4us  [cmd00 ] TX=00                                RX=84 26 AA
+23889.6us  [cmd70 ] TX=70                                RX=0E 00 42 01 02 03 FF 00 00 00 00 00 00 00
+ 4038.4us  [FWblk ] TX=B0 DB 44 00 80 20 FD DB 42 00 80 00 01 6F 70 E0 78 0A 20 80 8F 00 00 00 00 74 0A 41 03 1E 08 00 00 22 20 80 0F 00 10 20 6C 69 20 40 00 E0 78 FE F1 F1 C0 D1 C0 E0 7E 00 00 F1 C0 D1 C0 E0 7E 00 00 69 20 40 00 4A 26 00 70 4A 26 00 70 4A 26 00 70 F1 07 CF FF 20 20 40 07 4A 26 00 70 E8 C2 28 46 BF B9 32 0A 60 00 08 47 10 40 28 45 4C 70 6C 70 E1 40 FA 0E A0 00 C1 41 D2 25 EB 17 02 40 A1 41 C8 C6 E0 78 E4 C2 4C 70 6C 70 28 45 DE 0E A0 00 08 46 D2 25 EB 17 C1 40 A1 41 C4 C6 EA C2 28 45 22 0B 60 00 08 46 04 77 14 72 8E 00 25 00 CA 27 85 13 4C 70 6C 70 C1 40 B2 0E A0 00 A1 41 D3 41 E0 3F 00 00 3E 00 2A 00 52 25 C1 17 C1 40 AE 0B 60 00 30 40 C1 42 02 43 08 47 F6 0E 60 00 28 45 4C 70 8A 0E A0 00 22 43 8A F6 4F 21 03 25 4C 70  RX=
+ 3487.5us  [FWblk ] TX=B0 E1 40 F2 0E 60 00 A1 41 08 47 28 45 52 25 CD 17 1B F0 C1 40 76 0B 60 00 A1 41 C1 42 A1 43 08 47 BE 0E 60 00 30 40 4C 70 52 0E A0 00 22 43 CA 25 0B 14 8B F6 4F 21 03 25 4C 70 E1 40 B6 0E 60 00 02 41 08 47 28 45 E1 40 A1 41 CA C6 EE C2 4C 70 6C 70 28 45 26 0E A0 00 10 40 0C 70 DA F6 41 28 C1 27 BB 78 25 78 4F 08 84 0F E0 FF 00 00 02 40 AA 0A 60 00 A1 41 14 70 B2 F2 8C 70 C3 40 00 80 34 04 2C 71 80 45 02 42 16 0C 60 00 A1 43 CE C6 50 25 C2 17 2C 70 05 22 3E 84 A1 F2 8C 70 C3 40 00 80 34 04 2C 71 80 45 02 42 2A 0C 60 00 A1 43 CE C6 6C 70 D3 41 0F 80 FF FF 94 BB 41 2D 0F 15 04 25 40 14 64 7D 00 25 8E 1F E0 3F 00 00 84 27 DF 9F 05 7E 04 F2 80 27 B0 10 27 F0 DB 78 41 28 C1 27 6C 26 82 17 6C 26 CD 14 CB 44 F0 7F 00 00  RX=
+ 3488.2us  [FWblk ] TX=B0 9D 65 04 20 80 0F 0F 00 FE FF 45 79 25 78 A4 7C F3 BE 05 20 0E 03 2F 20 00 24 EA F3 41 2D 0F 15 CA BF 80 27 20 11 40 2F 01 15 24 7B 00 23 8E 0F F0 3F 00 00 05 7E C3 42 6D 39 18 09 C3 43 E2 3F 97 E2 02 40 82 0B E0 00 C1 41 C3 42 92 00 F7 CC C3 43 DA 3F 35 B5 AE 0D 40 00 02 42 C1 43 10 42 9A 0D A0 00 28 45 42 42 9A 0D 60 00 A1 43 CB 45 F0 7F 00 00 04 21 42 03 50 25 12 15 42 72 10 43 04 21 40 04 A4 7A 05 22 12 00 02 42 C1 43 6E 0D A0 00 62 40 62 42 6E 0D 60 00 42 43 02 42 C1 43 10 43 5A 0D A0 00 30 42 62 42 5A 0D 60 00 42 43 10 43 04 21 40 04 A4 79 BA 61 A4 7A 05 22 03 00 02 40 C1 41 62 42 42 0D A0 00 70 42 62 42 36 0D 60 00 42 43 13 BF 04 21 42 03 A4 7F 04 21 51 20 59 67 B9 61 24 7D 05 25 41 14 CE C6 02 40 A1 41  RX=
+ 3564.8us  [FWblk ] TX=B0 CE C6 E0 78 F2 C2 50 45 C3 42 11 0D F0 D5 C3 43 63 3E B4 98 28 46 86 0C A0 00 08 45 F6 00 2B 00 A1 40 C1 41 A1 42 B2 0A E0 00 C1 43 08 47 30 40 C3 42 CC BE BB B2 C3 43 EC 3F 3A 46 A1 40 5E 0C A0 00 C1 41 DC 00 2C 00 A1 40 C3 42 28 5C C3 F5 C3 43 F3 3F 8F C2 46 0C A0 00 C1 41 70 01 29 00 E1 40 C3 42 3D 04 C0 30 C3 43 E5 3D A6 58 E1 40 66 0A E0 00 02 41 C3 42 DF 56 96 D2 C3 43 5A BE 1A E2 92 0C 40 00 E1 42 4E 0A E0 00 02 43 C3 42 18 F8 25 A0 C3 43 C7 3E D6 1D 7A 0C 40 00 E1 42 36 0A E0 00 02 43 C3 42 0F EF 0F FB C3 43 2A BF 9F 01 62 0C 40 00 E1 42 1E 0A E0 00 02 43 C3 42 C4 10 A8 4E C3 43 81 3F 11 11 4A 0C 40 00 10 42 30 41 E1 40 02 41 A1 42 FE 09 E0 00 C1 43 10 44 30 43 E1 42 02 43 42 40 EE 09 E0 00 22 41 C3 42  RX=
+ 3538.9us  [FWblk ] TX=B0 54 55 34 73 C3 43 C5 BF 55 55 1A 0C 40 00 82 42 62 43 D6 09 C0 00 A1 42 0A 0C 60 00 C1 43 08 45 28 46 B6 70 D2 26 E2 17 01 F4 A1 40 C1 41 D2 C6 C3 42 F9 7E 23 DB C3 43 B4 3F 6A BC A1 40 6E 0B A0 00 C1 41 3C 01 2C 00 E1 40 C3 42 90 83 05 95 C3 43 E5 3D 8F D2 92 09 E0 00 02 41 C3 42 26 F9 20 D7 C3 43 5A BE D4 E5 BA 0B 40 00 E1 42 7A 09 E0 00 02 43 C3 42 B8 4B 94 0E C3 43 C7 3E E3 1D A2 0B 40 00 E1 42 62 09 E0 00 02 43 C3 42 C3 19 A1 F9 C3 43 2A BF A0 01 8A 0B 40 00 E1 42 4A 09 E0 00 02 43 C3 42 11 11 2C 03 C3 43 81 3F 11 11 72 0B 40 00 10 42 30 41 E1 40 02 41 A1 42 2A 09 E0 00 C1 43 10 44 30 43 E1 42 02 43 42 40 1A 09 E0 00 22 41 C3 42 55 55 53 55 96 F1 C3 42 5A 5E 00 B0 C3 43 E4 3D EB A3 FE 08 E0 00 02 41 C3 42  RX=
+ 3508.6us  [FWblk ] TX=B0 1F 64 40 9A C3 43 5A BE 51 D5 2A 0B 40 00 E1 42 E6 08 E0 00 02 43 C3 42 B2 0A D7 E5 C3 43 C7 3E 74 1D 12 0B 40 00 E1 42 CE 08 E0 00 02 43 C3 42 D0 AA 2E 21 C3 43 2A BF 9C 01 FA 0A 40 00 E1 42 B6 08 E0 00 02 43 C3 42 E5 00 D8 41 C3 43 81 3F 11 11 E2 0A 40 00 E1 42 9E 08 E0 00 02 43 C3 42 AC 54 12 D9 C3 43 C5 BF 55 55 CA 0A 40 00 E1 42 86 08 E0 00 02 43 C3 42 F4 FF 45 4C C3 43 EF 3F FF FF B2 0A 40 00 A1 42 6E 08 E0 00 C1 43 51 F1 C3 42 99 99 9A 99 C3 43 89 3F 99 99 A1 40 1E 0A A0 00 C1 41 50 00 2C 00 E1 40 C3 42 60 E9 60 69 C3 43 2A BF 83 00 42 08 E0 00 02 41 C3 42 4B 0D 80 42 C3 43 81 3F 11 11 6A 0A 40 00 10 42 30 41 E1 40 02 41 A1 42 22 08 E0 00 C1 43 10 44 30 43 E1 42 02 43 42 40 12 08 E0 00 22 41 C3 42 55 55  RX=
+ 3556.7us  [FWblk ] TX=B0 E3 4A 12 F1 E1 40 02 41 A1 42 FE 0F A0 00 C1 43 10 42 30 41 C3 42 28 E2 AD D8 C3 43 81 3F 0B 11 E1 40 E6 0F A0 00 02 41 C3 42 54 55 F4 AD C3 43 C5 BF 55 55 0E 0A 40 00 42 42 FB 05 EF FF 22 43 F4 C2 10 40 C3 40 00 80 18 01 40 80 61 80 50 21 CE 07 6C 21 8D 07 02 40 72 09 A0 00 C1 41 B2 00 2E 00 02 40 C3 42 DD 1A 84 61 C3 43 B1 41 83 C5 C1 41 5A 09 A0 00 ED 70 A0 00 29 00 2C 70 C3 42 C9 6D 83 C8 C3 43 E4 3F 30 5F 02 40 7A 0F A0 00 C1 41 EE 0B C0 00 08 47 04 71 26 0F A0 00 1C 78 4C 70 C3 43 09 C0 00 22 10 43 5E 0F A0 00 30 44 10 46 30 45 02 40 96 0A 20 00 C1 41 C2 42 A2 43 10 42 82 09 60 00 30 41 10 46 30 45 02 42 C1 43 42 40 5E 09 60 00 22 41 C2 42 6A 09 60 00 A2 43 10 40 28 46 C3 42 9E 4B 9E E5 C3 43 E2 3E EF AE  RX=
+ 3581.8us  [FWblk ] TX=B0 62 40 16 0F A0 00 82 41 02 42 4A 09 60 00 C1 43 1E BF 10 40 6C 27 80 17 50 21 CE 07 07 7D 02 40 C1 41 A1 42 08 FF 08 47 E1 40 D4 C6 F2 C2 BF B9 08 47 CD 70 28 45 05 21 3E 80 64 F2 C3 42 DD 1A 84 61 C3 43 B1 41 83 C5 E1 40 92 08 A0 00 A1 41 AC 00 29 00 2C 70 C3 42 C9 6D 83 C8 C3 43 E4 3F 30 5F E1 40 B2 0E A0 00 A1 41 C3 43 F0 3F 00 00 E2 08 60 00 4C 70 1A 0B C0 00 08 46 04 71 52 0E A0 00 1C 78 C3 43 E0 BF 00 00 CA 08 60 00 4C 70 4C 70 C3 43 09 C0 00 22 10 43 7E 0E A0 00 30 44 10 45 30 42 E1 40 B6 09 20 00 A1 41 A2 42 42 43 10 41 A2 08 60 00 30 40 10 45 30 42 E1 42 A1 43 22 40 7E 08 60 00 02 41 A2 42 8A 08 60 00 42 43 08 47 28 45 C3 42 9E 4B 9E E5 C3 43 E2 3E EF AE 62 40 36 0E A0 00 82 41 E1 42 6A 08 60 00 A1 43  RX=
+ 3594.1us  [FWblk ] TX=B0 BF B9 44 26 82 10 D4 FE 0A 26 00 10 C1 40 D2 C6 C3 41 F0 3F 00 00 FC F1 E4 C0 A1 80 C3 41 F0 7F 00 00 08 44 04 25 4E 10 C3 42 00 80 3C 04 25 0E 61 10 0C 70 00 A3 21 84 04 6A 3F B9 00 1C 40 00 21 84 53 21 FE 84 12 F4 20 84 90 E9 18 4A C4 C4 50 25 FE 97 0A F4 20 84 88 E9 00 1B 41 00 21 84 40 40 3F B9 00 1C 40 00 C4 C4 E0 78 E4 C0 A1 80 C3 41 F0 7F 00 00 08 44 04 25 4E 10 C3 42 00 80 3C 04 25 0E 61 10 0C 70 00 A3 21 84 04 6A 3F B9 00 1C 40 00 21 84 53 21 FE 84 12 F4 20 84 90 E9 18 4A C4 C4 50 25 FE 97 0A F4 20 84 88 E9 00 1B 41 00 21 84 40 40 3F B9 00 1C 40 00 C4 C4 E0 78 01 80 34 B8 CA B8 E0 7F 80 20 B0 00 01 80 34 B8 CA B8 E0 7F 80 20 B0 00 00 42 37 B8 0F 78 8A 21 3E 00 19 61 17 09 D5 05 80 20 7E 02 01 2E 01 70  RX=
